%YAML:1.0
focal_length: 4.2
sx: 22
sy: 15
width: 2592
height: 1944
